	16SAMP-12028	16SAMP-12029	16SAMP-12030	16SAMP-12031	16SAMP-12032	16SAMP-12033	16SAMP-12034	16SAMP-12035	16SAMP-12036	16SAMP-12037	16SAMP-12038	16SAMP-12039	16SAMP-12040	16SAMP-12041	16SAMP-12042	16SAMP-12043	16SAMP-12044	16SAMP-12045	16SAMP-12046	16SAMP-12047	16SAMP-12048	16SAMP-12049	16SAMP-12050	16SAMP-12051	16SAMP-12052	16SAMP-12053	16SAMP-12054	16SAMP-12055	16SAMP-12056	16SAMP-12057	16SAMP-12058	16SAMP-12059	16SAMP-12060	16SAMP-12061	16SAMP-12062	16SAMP-12063	16SAMP-12064	16SAMP-12065	16SAMP-12066	16SAMP-12067	16SAMP-12068	16SAMP-12069	16SAMP-12106	16SAMP-12107	16SAMP-12108	16SAMP-12109	16SAMP-4961	16SAMP-4962	16SAMP-4963	16SAMP-4964	16SAMP-4965	16SAMP-4966	16SAMP-4967	16SAMP-4968	16SAMP-4969	16SAMP-4970	16SAMP-4971	16SAMP-4972	16SAMP-4973	16SAMP-4974	16SAMP-4975	16SAMP-4976	16SAMP-4977	16SAMP-4978	16SAMP-4979	16SAMP-4980	16SAMP-4981	16SAMP-4982	16SAMP-4983	16SAMP-4984	16SAMP-4985	16SAMP-4986	16SAMP-4987	16SAMP-4988	16SAMP-4989	16SAMP-4990	16SAMP-4991	16SAMP-4992	16SAMP-4993	16SAMP-4994	16SAMP-4995	16SAMP-4996
16SAMP-12028	0.0	0.05341144334348191	0.0763957369845801	0.0032249405429933373	0.0811183315987594	0.031077948505540222	0.007485755072601786	0.08617089041241954	0.018329522761492762	0.008446199546330474	0.050113640464570244	0.02002043244179961	0.030858240466410905	0.10524960283492277	0.13676248403553193	0.01722148156832745	0.041120552630401444	0.11131143164824246	0.03570591352606008	0.03897407900119085	0.06087871688795968	0.012161895148266495	0.02700766104709581	0.02624952042845309	0.06504522131645861	0.05831707676157229	0.058971049486396115	0.0468003428724456	0.07214142620301603	0.07529636901193179	0.07284119450222339	0.07894675465625783	0.11783694200138956	0.10136291520709345	0.053070628338127736	0.051710618205125194	0.014853772277614603	0.04148035357855527	0.38704886801024296	0.06429928192741535	0.029642743891149577	0.5915874891772701	0.01753789251268469	0.0323570519600227	0.016163872627797095	0.024077043251357757	0.2719432560797206	0.27659704288759274	0.2758101025726787	0.28180011154313456	0.2794217516222072	0.2818868614837119	0.26409400118223136	0.2729935578730603	0.2536867356374349	0.2568755392750282	0.26210467852583913	0.2685980751842711	0.24563712817712607	0.23476756344184355	0.17416685352231417	0.24568026876212634	0.25926709506031576	0.2556374454266643	0.03320473777438015	0.035358902634410064	0.0661681567549604	0.07788732598492713	0.0818581198881907	0.056973156089933405	0.06379929646374655	0.0674409979626193	0.45274211466616066	0.5754783630000189	0.5720296517767239	0.5864408469790214	0.33173526950845306	0.40959490243199137	0.32056376560359034	0.7211090529201925	0.7369856593500039	0.8030846515685991
16SAMP-12029	0.05341144334348191	0.0	0.024878790862782118	0.05155067461412331	0.05959706422184543	0.023584908316997544	0.04881710395261194	0.0645720382491393	0.035626646225940195	0.05262756002398495	0.02261290027770807	0.035290308331746005	0.027383610051927153	0.05320140271918866	0.08396906156260178	0.039625659329651994	0.01475643358113609	0.06293955652125335	0.024500604502901837	0.016451121886175226	0.012592453347339973	0.0648957750678639	0.03004773379396293	0.02829337833939423	0.02734651942071561	0.02573008733648008	0.024731785150038092	0.016753566125143688	0.031116368999082128	0.033226541068462345	0.03223217934776997	0.030757803158958458	0.06959816026519296	0.05445690397290192	0.02241953464246906	0.019838824726945016	0.0668783895265423	0.03760567621917699	0.34787834141659335	0.06981622439074554	0.06472827701125723	0.5520799410064143	0.06983032283622137	0.04711169084561325	0.0658446089346748	0.07601748669339578	0.2842744382456154	0.28898763724738924	0.2881853842925347	0.29419371917248666	0.2918073912896487	0.2943580457173422	0.2764957673751959	0.28528453922684355	0.26619500332150137	0.26944213760146535	0.274711124481449	0.2810551106331723	0.25808160358072185	0.24736973833757492	0.16875630431325062	0.2583665865517363	0.27190083530757403	0.26833025349028294	0.05385676222440196	0.051239115821189944	0.03330268041839948	0.03464112378300027	0.04812559450812578	0.018573492048239958	0.024813240643355716	0.03743948808332652	0.4595880071690609	0.5363639370460693	0.5329088309809141	0.5561158230049504	0.28356094936014464	0.3683461365798526	0.27986297950549205	0.6728594624146302	0.6893133898274413	0.7548324690214123
16SAMP-12030	0.0763957369845801	0.024878790862782118	0.0	0.0749127104601967	0.046071195349379784	0.04807662650677724	0.07172357445672792	0.051104290832172466	0.059348555727140095	0.07546051801912311	0.028140214427143744	0.05949142018148575	0.05032255813673667	0.032002978604183795	0.0613659627033364	0.06344993406017094	0.0387976311395593	0.06152421854506479	0.04744779440237108	0.04023652409489628	0.017577154939155085	0.08767547669187599	0.053939717030497554	0.05190272423544439	0.04050625411820453	0.039706743483309395	0.03870836940114585	0.03450258887451394	0.04517873512819535	0.04638280722540296	0.04523376315092054	0.04205739889328369	0.06614180625427232	0.06021670182526424	0.03638657376825389	0.03387591406998999	0.09012917899621374	0.060229119445659555	0.32456338652475725	0.09133162053284138	0.08781789100892125	0.528880909439694	0.09317022065399118	0.06986359352708407	0.08888680641017666	0.09948879648374007	0.27101775565651787	0.2756719650991323	0.27487194331537024	0.28087400598562445	0.2785033884357901	0.28098039050757767	0.2631623459666429	0.27206589604368525	0.2527825837473452	0.256043533887259	0.26129300736444677	0.2676823386175637	0.24473019605584778	0.23396243230449892	0.15535702368456303	0.24494625922397126	0.25848937097025737	0.25490688861550437	0.07761151325265657	0.0746163557018498	0.05374487111412844	0.04551598424338452	0.05302553235841739	0.03632933650559992	0.03905263276579448	0.05392057743133309	0.45160638543975246	0.5134918424304179	0.5100444038856015	0.537038876582207	0.263165351947325	0.34537629156968536	0.25897204088388964	0.6572456607934183	0.6734624244861029	0.7393603205919737
16SAMP-12031	0.0032249405429933373	0.05155067461412331	0.0749127104601967	0.0	0.07970095681737362	0.029200348499716713	0.008592793232000814	0.08445020178497976	0.01699714252675149	0.007905269760023237	0.048494286698477676	0.019133979352938577	0.03054793051285694	0.10388890037109962	0.13488116523394117	0.019451438440698875	0.0405154093601626	0.11091998140528159	0.035452533205277116	0.03859096589887219	0.05957768143892804	0.01360029021721419	0.026623881840870736	0.02488490244565598	0.06477457545371573	0.05799048408653978	0.05858914096779502	0.046465540928007094	0.07155113221190262	0.0750346953370035	0.07257056104122647	0.0784725050728411	0.11748778356957473	0.1011032933529885	0.052715985727374334	0.05140092608665941	0.016698693890414423	0.04022500015405155	0.38481139986323176	0.06293557473014791	0.029143087383260845	0.589269495438075	0.019335204768368808	0.03142414874125987	0.01804005558403329	0.025767763824314886	0.2701870787141126	0.27483688065385653	0.2740264907767855	0.28005068969273433	0.27767015731858985	0.2801400225296812	0.26230704152228435	0.27111913723460107	0.2518698095170244	0.25513347312211687	0.26036051998649135	0.26685139009052694	0.24390217661388594	0.23303459575779178	0.17310493391561876	0.24394742532445515	0.25752293652096797	0.2538921058649245	0.03306418710035609	0.035097350809385953	0.06610659103608163	0.07782835742810129	0.08198971890928677	0.057047848993996224	0.06341374938305272	0.06742187076776754	0.45208528811802584	0.5737622711587382	0.5703157490207623	0.5852328266199176	0.33100528864196677	0.40821766028465384	0.31998968488810237	0.7209331086533257	0.7367948459633371	0.8028888860483265
16SAMP-12032	0.0811183315987594	0.05959706422184543	0.046071195349379784	0.07970095681737362	0.0	0.058719895419402514	0.07653394659508227	0.006362357339353721	0.06325206302307712	0.08020712130810673	0.039671336501699336	0.06340672801697142	0.07047130472693862	0.068248943403912	0.06134313909731791	0.06731818645410406	0.06966361471983781	0.10630838527880261	0.07429732164349812	0.0686906277178171	0.0489877073054801	0.09247755776050952	0.06774891785389375	0.05750008694783691	0.08607974250738198	0.08441144277215921	0.08333665176027855	0.073267639601996	0.08995688380826905	0.09196467716788694	0.09095202449591128	0.08675919982268009	0.11077413239970382	0.10583794808137394	0.08112142054568186	0.07849671502701176	0.0947384281073779	0.070144135836096	0.31488123019990444	0.10684472530737238	0.0947036562436624	0.5201169813107633	0.09765937241753936	0.07745392563651124	0.09368690544277067	0.10384478597567601	0.22608297474723382	0.23074942052890823	0.22996908075445727	0.23595318996886094	0.23358852509570063	0.23610006705912606	0.2182492599641838	0.22715042168847563	0.20807717848322294	0.21119060333491857	0.21645643097110817	0.222805523745258	0.1998409900100394	0.18911555041650072	0.11050352731442448	0.200105326177812	0.2136415850781888	0.21007137534368056	0.08262410466211614	0.08145002317782181	0.07867657871108749	0.08282928385513416	0.07968940341178193	0.07321969760677394	0.08362810888400062	0.08037600511790512	0.42889354770715343	0.5106761518048445	0.5042876936772892	0.5343916653277698	0.25259811335968463	0.3358469865625184	0.24255490852028086	0.6678816547169079	0.684301478635531	0.7498566717083862
16SAMP-12033	0.031077948505540222	0.023584908316997544	0.04807662650677724	0.029200348499716713	0.058719895419402514	0.0	0.02652694214579097	0.06308435799475375	0.013561230504878922	0.030262915633074726	0.02266299863148858	0.012722730632541934	0.0135663909417925	0.07601723820360924	0.10596341732401551	0.01685903700091926	0.01261850869944888	0.0827067588088782	0.017419242342890558	0.011589661153887104	0.03173521379765383	0.042591266013006085	0.011040389407400842	0.0058675156916015506	0.03816569092805833	0.03025694178241422	0.030482220909915203	0.018809981510139663	0.04391236103522779	0.048419346348408554	0.04596890010246287	0.050459881243203886	0.08934865173617157	0.07454197480917431	0.024996167661842546	0.023292109172381878	0.044671882485723916	0.02814333482465253	0.36589374231442684	0.06556342501689405	0.043310836665431354	0.5696885251697174	0.047613859192447205	0.027661599256755542	0.04364998275985008	0.053802458956981394	0.2831454062194223	0.2878970016487771	0.28700147039877455	0.2930874318250593	0.29063700813584503	0.2931113481267837	0.2752951664070477	0.28406078281832436	0.26544050141538356	0.26810661685600023	0.27334480679237294	0.27983513388818376	0.2568657016310036	0.24599897346919777	0.16751055317172736	0.25693188415520307	0.27049489695234025	0.26688700302785456	0.03487672284042778	0.0321140794737269	0.04001974715299157	0.050649932894870076	0.05644318109025939	0.030164203498106827	0.035317679253748964	0.04482025121444772	0.45956502166266505	0.5539541456449301	0.5504200429406146	0.5701770158053283	0.30328723609712643	0.38589265412041557	0.2940454720813	0.6927203569592435	0.7094347800588456	0.7745544310427876
16SAMP-12034	0.007485755072601786	0.04881710395261194	0.07172357445672792	0.008592793232000814	0.07653394659508227	0.02652694214579097	0.0	0.08159467033891535	0.01372566824031596	0.009422663756498199	0.04512245004857757	0.014418386708110268	0.02398483306901632	0.10065424800817555	0.13220066906019542	0.012975744758527318	0.03558974827892927	0.10576764242655515	0.028823866541406895	0.03341564120594159	0.05636139760026565	0.016701595536031445	0.021504754437107962	0.021573585633568683	0.05816062916951742	0.05281129180677077	0.05341663001234033	0.04131954430452114	0.06657237593998139	0.06837605894741805	0.06590482029792362	0.07381349995057472	0.11232902561358266	0.09444828899240218	0.047543054684311234	0.04620990116447134	0.019825262282118093	0.03761674275319806	0.38310834727209453	0.06517715612041898	0.030985163055902043	0.587575077066409	0.022820046761432608	0.028418782596036987	0.019284597743218567	0.03016023830297748	0.277726889628842	0.2824320677323904	0.2816409426098171	0.2876217541141387	0.28524244843814556	0.28773134549381285	0.2699162125679146	0.27882586787810765	0.25951939609287805	0.26269774024994136	0.2679482068884701	0.2744305337276953	0.25147601736712777	0.24060821181807232	0.16970903672733684	0.25154327181081365	0.26509253379184883	0.26148991300011726	0.029370266347001725	0.0307592087390723	0.059711702348221166	0.07187766049767676	0.07540535167198502	0.0503401007286878	0.05836588916514539	0.06103860550604377	0.4546715909270268	0.5720700930386974	0.5686589255700742	0.5826252127508613	0.3272435042215727	0.4036233731476921	0.3146920912672621	0.7154979334211113	0.7304995901773876	0.7974628866452584
16SAMP-12035	0.08617089041241954	0.0645720382491393	0.051104290832172466	0.08445020178497976	0.006362357339353721	0.06308435799475375	0.08159467033891535	0.0	0.06787140950284659	0.08522001825069711	0.044544113249314975	0.06856113744209837	0.0754905460802654	0.07301117772084453	0.058744536386806545	0.07231423388385033	0.07454485297945525	0.11087854153319344	0.07932382679139706	0.07352621919889973	0.05379603794333514	0.09755688249718861	0.07252126133670064	0.06223108944643543	0.09121962515469725	0.0894594631093281	0.08811161674635815	0.07848747297446192	0.09491027021520093	0.0970772795255203	0.09586639931308417	0.0914483731876291	0.11546795854312268	0.11085718943470071	0.08619153551856346	0.08333654338957208	0.09982234837030465	0.07520418509123056	0.30934684401082924	0.11158983255399604	0.09969880300306985	0.5171217380287373	0.10275129742144588	0.08248134582196158	0.0987657756201024	0.10893848902764751	0.22190172314330237	0.22665989419514393	0.22576779581639742	0.2318863148952236	0.2294039877600742	0.23186770136201426	0.21405402045839259	0.2229128890551503	0.20423443668660576	0.20688404609016534	0.21210910873826166	0.21861655995249452	0.19561497038566059	0.18477856210571458	0.10628333854980104	0.195675958631126	0.20927458033260551	0.20562226469761288	0.08790447029537123	0.08662608669526965	0.08393706286238853	0.08819671040872559	0.08516488284962126	0.07840086799029192	0.08860903641113155	0.0852790378564739	0.4268772731796444	0.5078797632025576	0.501579112108951	0.5321506454878931	0.24880234807357868	0.331189304044347	0.238947546654265	0.6655835561068049	0.6822610353722893	0.7473529326606101
16SAMP-12036	0.018329522761492762	0.035626646225940195	0.059348555727140095	0.01699714252675149	0.06325206302307712	0.013561230504878922	0.01372566824031596	0.06787140950284659	0.0	0.017427290799147448	0.03351332124285367	0.009965643198232739	0.020075952126024872	0.087139397812153	0.11864549489026632	0.011994047123393206	0.024685333478539094	0.09472756971283894	0.02391181684804369	0.02248476604031229	0.04287012491897707	0.029714399458803952	0.017106667382460115	0.008727759274340755	0.05010028079205388	0.042171709133605115	0.04244030066699451	0.030768805490376683	0.05597606393616989	0.06033427894184999	0.05788531323201994	0.06227574630927646	0.10129903240096713	0.08643914207212712	0.0369057378313351	0.035250951429162534	0.03198135295516914	0.030264716189493158	0.37514050638101437	0.06515728872729883	0.03559647608004776	0.5795149847187151	0.03491390098617272	0.024051056619832194	0.031078706343795094	0.04106758987177461	0.2752442799686161	0.27995243367023964	0.27911196097162316	0.2851524063647996	0.2827277220656284	0.28519610079023333	0.26739156194680214	0.2762956174128703	0.2575213163834969	0.26019474898254435	0.26541634171861156	0.2719102150402711	0.2489566185838993	0.23808945909620394	0.15955765887702866	0.24900186729446855	0.2625773784909813	0.2589477288573298	0.02855874526742619	0.02789574223667128	0.0511314112381034	0.06288568064422434	0.06716482896014214	0.04241494626084054	0.04754874962889218	0.05231550440731521	0.4558791964378916	0.5638385868623256	0.5603083112423723	0.576358160225764	0.3146786570440035	0.39576476262221133	0.3046620177494769	0.7049739334838676	0.7217511409872521	0.7868641072674014
16SAMP-12037	0.008446199546330474	0.05262756002398495	0.07546051801912311	0.007905269760023237	0.08020712130810673	0.030262915633074726	0.009422663756498199	0.08522001825069711	0.017427290799147448	0.0	0.04873811168175812	0.020077909897813682	0.02871915383540533	0.10437475361164819	0.13600086366339348	0.02217398361130286	0.04033833739595585	0.11070671726928431	0.032529981876291046	0.03837227199287693	0.05995469172876438	0.01718658535778119	0.027169247398859966	0.0252670826429472	0.061796668521231675	0.0578227847957011	0.05850682643691707	0.046248104756219155	0.07149687734824275	0.0713745060277472	0.06619435289379656	0.07828316510504922	0.11722344532179342	0.09433307282126736	0.05250739869099962	0.051224682734356194	0.019469112058552517	0.03421262471184577	0.38229160950458874	0.06113481138336645	0.02869646423106223	0.5875194671303567	0.02353823355551181	0.025074365477206255	0.017728355473402915	0.031986244057806	0.27416178398645075	0.2788026677010477	0.27802436242587636	0.2840199780521544	0.2816439420483418	0.2841138596196253	0.2663054076221991	0.27521287092047997	0.2558875714718073	0.2591043513494053	0.2643396788457111	0.270828487709154	0.24787957574747133	0.237011280458944	0.1735371649569527	0.2479242942047151	0.2615036512608569	0.25787400162720536	0.03187282487154226	0.031175275219780654	0.06159369839924436	0.07387092225317046	0.07718560264929439	0.05335613347216591	0.06337047527621958	0.06304976292874012	0.44867894593343416	0.5714641622343755	0.5679078663145849	0.5787588685340124	0.3307688809126126	0.4053180400502629	0.31506301552762106	0.7202431782801324	0.7344988263191999	0.8022088573898384
16SAMP-12038	0.050113640464570244	0.02261290027770807	0.028140214427143744	0.048494286698477676	0.039671336501699336	0.02266299863148858	0.04512245004857757	0.044544113249314975	0.03351332124285367	0.04873811168175812	0.0	0.0333576641264169	0.03178517489110855	0.057287308664007844	0.08864568799618781	0.03767472339123114	0.03268852063039485	0.07268871031629488	0.035577658845495325	0.03167574103749687	0.013747246326316909	0.061064557406235676	0.031552416730772165	0.026016280831264914	0.0476430686441572	0.04743602548040626	0.04644316971878356	0.03643876851630605	0.05285556510777642	0.05344179798727787	0.052357417939675015	0.049848978708892794	0.07942484250423794	0.06719622433475143	0.044090083128800035	0.041589908553981786	0.06375600165274514	0.03693725666731097	0.34570920348703343	0.07304650705148316	0.06178536820969158	0.5498882922294309	0.06686982622496603	0.044146032245981924	0.062482704755888324	0.07362348070982226	0.26513574204233015	0.26983098282969936	0.2690043010188331	0.27502760752026734	0.27264663817910606	0.275134754145892	0.25729803296211023	0.26617535500211253	0.24687418311808762	0.2500809077178807	0.2553549466388394	0.2618409296083113	0.23888268741568802	0.22801524321921363	0.14940495297650047	0.2389535733302372	0.2524978768655922	0.24889488399107776	0.05159373323997415	0.04918308793823175	0.04253623441179712	0.04482313796336425	0.04740552806761692	0.03467543629419772	0.04692017020150768	0.04513491242321023	0.4480630468290584	0.5347935896653154	0.5314331523419223	0.550322701766311	0.28387995310708053	0.36637580529896874	0.2736660410273994	0.6826847450453494	0.6985279832371223	0.7646805313580654
16SAMP-12039	0.02002043244179961	0.035290308331746005	0.05949142018148575	0.019133979352938577	0.06340672801697142	0.012722730632541934	0.014418386708110268	0.06856113744209837	0.009965643198232739	0.020077909897813682	0.0333576641264169	0.0	0.012937553446863786	0.08730202394062779	0.1183223384356407	0.004425974027310947	0.02187784897687567	0.09185266375751194	0.017908462041220655	0.01992127936009541	0.04305501954903871	0.030218219322550425	0.00765934365333219	0.008211975606047021	0.0472018487141054	0.039144104673304786	0.039494009683493835	0.027861460771235257	0.05289531201152669	0.05735887327698753	0.05497444158343727	0.06047012652329087	0.09843435166422608	0.08348222723449805	0.03391314967660513	0.032324689162483475	0.0321034368436426	0.03203794634502077	0.37716235567441436	0.06888728709780431	0.03504615882443367	0.5814727226473555	0.035032829978291526	0.030872291138848238	0.031025857659502692	0.04114743034468428	0.2848774452791088	0.28954289995466964	0.28873021747431116	0.2947390485618713	0.2923694701836927	0.29484413845442436	0.27700414595637957	0.28586805767219015	0.26701422827671684	0.269828266667187	0.2750592102565679	0.2815467111623503	0.2585954615030748	0.24772914718500993	0.16915059407991773	0.2586569171591481	0.2722114705844195	0.2685982278199887	0.031632446263777744	0.03091831206581884	0.04819624655585575	0.05990230886987245	0.06421029682128632	0.040250603685548045	0.04466618421663175	0.051961912162099375	0.4609269366026873	0.565688844045573	0.5621722375573752	0.5798513959892722	0.31472624917717873	0.39762576686665063	0.30471657211290204	0.702098877240465	0.7188121949744621	0.784053433203885
16SAMP-12040	0.030858240466410905	0.027383610051927153	0.05032255813673667	0.03054793051285694	0.07047130472693862	0.0135663909417925	0.02398483306901632	0.0754905460802654	0.020075952126024872	0.02871915383540533	0.03178517489110855	0.012937553446863786	0.0	0.07918050994517611	0.11057640147334835	0.015578446160414313	0.013822295152543651	0.08305554815314901	0.005038412270998478	0.011792442887084998	0.03481728393286056	0.039379197642246414	0.0058405012407170805	0.014175674993265597	0.03431781645111456	0.029248509569040692	0.030003107900485514	0.01866389490327343	0.04308575776411493	0.04463553155610084	0.04214419046704508	0.05228969796408595	0.0893617597270906	0.0706003117936171	0.023959904447530444	0.023214318807712162	0.04081683777303084	0.03538208659038887	0.37019544528440046	0.0706248914878225	0.039096903022987045	0.5745538831078912	0.043843622980461065	0.03464147890962538	0.03948604154554548	0.051352799946920914	0.29481110675696576	0.29946512680515336	0.2986723890783258	0.3046786488050304	0.30228529803849846	0.30474988699259953	0.28696104044200865	0.29586307174066134	0.2765443498184236	0.27973662122506515	0.28496366808943974	0.2914562671704107	0.26850532471683425	0.2576377438607401	0.1790112334995907	0.26855512432942424	0.28212608462391625	0.2784964349902649	0.038022363391744626	0.03477404184345014	0.04314416026992434	0.048389967559731094	0.0596560688575681	0.029679545195646164	0.035097525567012	0.04821286228469564	0.4638885184908209	0.559400979336599	0.5559544571986231	0.5755569019602118	0.3072971049218714	0.39060959377663823	0.2990435405933887	0.6928249198212291	0.7074000408231378	0.774502522936058
16SAMP-12041	0.10524960283492277	0.05320140271918866	0.032002978604183795	0.10388890037109962	0.068248943403912	0.07601723820360924	0.10065424800817555	0.07301117772084453	0.087139397812153	0.10437475361164819	0.057287308664007844	0.08730202394062779	0.07918050994517611	0.0	0.03390996660682463	0.09119756533928565	0.06688009312923437	0.03823559907182117	0.07633349841880765	0.06802814481236888	0.04502684961553069	0.11657496015077153	0.08167259544795256	0.07953972069804455	0.049207594445535366	0.0506864932175178	0.04965052368460661	0.06277972776728034	0.03669483728123828	0.036776156168319696	0.042474509187711756	0.027306064158850996	0.04266560847604533	0.03784874375414589	0.05579362204399331	0.05653052756465135	0.11886396623448613	0.08960513921626165	0.31040089233306645	0.11308615522142901	0.11666019188169871	0.5147442441403718	0.12179310598154788	0.09927394708713243	0.1178023790270358	0.12791122872016988	0.292980048440517	0.29763437363235024	0.29684235513830165	0.3028333274892132	0.30045491638425476	0.3029221261899407	0.2851287725729691	0.2940308038716218	0.2751423777888138	0.27791508125844483	0.28314098735621207	0.28963432628084573	0.26668264398360664	0.2558150631275125	0.17721771159346775	0.2667324435961967	0.2803034038906887	0.2766737542570372	0.10627766113918914	0.10369322150291768	0.07804393849421637	0.06493765302788994	0.07408421066736902	0.05885140603998987	0.04760414451764102	0.07862175901584115	0.46449875897467474	0.4994288005486578	0.49589852492870456	0.5294150004432749	0.26070424398259573	0.33135503078338385	0.2569177733378256	0.6260313947791475	0.6428474156314548	0.7079871721741484
16SAMP-12042	0.13676248403553193	0.08396906156260178	0.0613659627033364	0.13488116523394117	0.06134313909731791	0.10596341732401551	0.13220066906019542	0.058744536386806545	0.11864549489026632	0.13600086366339348	0.08864568799618781	0.1183223384356407	0.11057640147334835	0.03390996660682463	0.0	0.12239599990063332	0.09816484019409702	0.06619163900448796	0.107722831356262	0.09942877367913608	0.07702848940013317	0.14823754890864535	0.11297932476284683	0.11124393956915625	0.08053320336094325	0.08203294320987896	0.0808947861450087	0.09418567591436287	0.06783506155003993	0.0681709666870784	0.07381834237621626	0.05884715036021725	0.07054951641584702	0.06591398913763316	0.08714926980840616	0.08786727869057627	0.15023318298526137	0.12098812296701184	0.2808559574044964	0.14344257133377572	0.14801339096652286	0.4840201276830158	0.15316075846177016	0.13049578924162983	0.14915227659494498	0.1593092045664629	0.2673177205532835	0.2720491248766487	0.2711693683281531	0.2772594895339755	0.27480498762723454	0.27727262998403146	0.25944950571293934	0.2682259440429736	0.24958866785689066	0.2522743587480417	0.2574965492273008	0.2639998412295362	0.24103203642244628	0.23016441667551013	0.15166285114955735	0.2410779402228756	0.25466184169752837	0.2510245814121792	0.1372556471001213	0.13486831823362327	0.10886886591809654	0.09547065216902602	0.10447699897032806	0.08987814714710832	0.07862801321219086	0.10942261166802277	0.4505137207916664	0.4694138473821309	0.46310161911869585	0.5107499288124266	0.230963945233221	0.29944233777518203	0.22735982403272506	0.6096266796223738	0.6263277839554087	0.6914794777144146
16SAMP-12043	0.01722148156832745	0.039625659329651994	0.06344993406017094	0.019451438440698875	0.06731818645410406	0.01685903700091926	0.012975744758527318	0.07231423388385033	0.011994047123393206	0.02217398361130286	0.03767472339123114	0.004425974027310947	0.015578446160414313	0.09119756533928565	0.12239599990063332	0.0	0.02593787365608792	0.09490952744067623	0.02047814931016876	0.023744918648938833	0.046899945523161034	0.027338449918190427	0.010212463364409284	0.011834456333150646	0.04975230805545126	0.04176753250839603	0.04200018570180833	0.030993915252702543	0.05571268421328157	0.059945553283128616	0.0575176493277647	0.06422964667802321	0.10119665397759589	0.0860728678522588	0.03654273050035784	0.03511194898906993	0.02800762978855923	0.03552009263923441	0.3812339276588716	0.07076985175647979	0.036522563465936436	0.5855840077648923	0.030921379913707157	0.03341936229405122	0.02701941946718925	0.037111418790336775	0.28659057930119236	0.2913882565427784	0.2905128962671969	0.29657978946551755	0.294115209166858	0.2965829340812105	0.2788012176139088	0.28768048244517247	0.2690176740253875	0.27158012832549316	0.27682007818657645	0.2833099672576937	0.26031246885659703	0.2494735589325147	0.17099193907001742	0.2603637094573936	0.27394756571349727	0.2702806353722855	0.03281168923898166	0.03214251264281953	0.05074307476706602	0.062485555952653614	0.06684377995116968	0.043973017202763705	0.047242510341784345	0.0540964652493185	0.4620656851157538	0.5696133297398498	0.5661025572037044	0.5832483518865732	0.318425388617732	0.4015643307894547	0.3083530206939441	0.704691020728599	0.7214463085066862	0.7864095809286339
16SAMP-12044	0.041120552630401444	0.01475643358113609	0.0387976311395593	0.0405154093601626	0.06966361471983781	0.01261850869944888	0.03558974827892927	0.07454485297945525	0.024685333478539094	0.04033833739595585	0.03268852063039485	0.02187784897687567	0.013822295152543651	0.06688009312923437	0.09816484019409702	0.02593787365608792	0.0	0.07141308938723344	0.01068958327556744	0.002903063437172327	0.022847487914993254	0.05135585949575913	0.016248458078420583	0.016505823297669028	0.026612132886570352	0.018814194674424977	0.019355879903661187	0.008995319623965343	0.03239347013979628	0.03703049700926017	0.03460727953219725	0.03986115442227786	0.07798901480759855	0.06309086823844293	0.013562737575127375	0.012007357246264689	0.053113555602377995	0.03565796652579824	0.3621790626253254	0.06919227785614959	0.05032609997008865	0.5656384371203815	0.056232986827840774	0.03689142944429866	0.052226753946408	0.06254219715259529	0.29422339942943004	0.29890695922248545	0.2980305570296832	0.30412086199755034	0.3017296555283219	0.3042194618542219	0.2863862627584008	0.2952809729120025	0.27624924229400283	0.2792305507801999	0.28448665989491595	0.2909424370627469	0.2679835634151135	0.2571755035217824	0.17854192423218665	0.2681579112917522	0.28172075790445117	0.2781235193280231	0.043028440932948706	0.03976564372505556	0.03837137945688749	0.042322046052541945	0.055398590410431825	0.023052249530373624	0.024125644260682724	0.04279849896726791	0.4648810401087075	0.5508085992372033	0.5473049383715032	0.5696669387910174	0.2970744876830668	0.3827903446684162	0.2932815878823379	0.681675295563373	0.6982720866286253	0.7635837612438503
16SAMP-12045	0.11131143164824246	0.06293955652125335	0.06152421854506479	0.11091998140528159	0.10630838527880261	0.0827067588088782	0.10576764242655515	0.11087854153319344	0.09472756971283894	0.11070671726928431	0.07268871031629488	0.09185266375751194	0.08305554815314901	0.03823559907182117	0.06619163900448796	0.09490952744067623	0.07141308938723344	0.0	0.08008005378687355	0.07267109240060504	0.059487440572331934	0.12147769011619974	0.08542967287401917	0.08640679045098319	0.05308958218565839	0.05448698686762582	0.053290879175377615	0.06662897889758157	0.04057128594425433	0.0405767968252006	0.046221777109646874	0.032758599528492735	0.007417965965352145	0.022452529934395095	0.05954273586232928	0.06014058879381622	0.12231636915567734	0.0962783123885112	0.31444141002870707	0.11642599742062554	0.11991577495510258	0.5182379025906213	0.12554493327064903	0.10538610834162478	0.12162402944114847	0.1317463416878044	0.33027766260401065	0.3350986266941384	0.3342353458049444	0.34029097201678293	0.33784534626153173	0.3403246983440582	0.32251773298022646	0.33142350699044243	0.3127219616360721	0.31528928477217166	0.3205584861125903	0.3270306109355614	0.3040545009938086	0.29320523770945983	0.2146990263025701	0.30414382122620176	0.31767971140588414	0.3140781080131533	0.10995323449548144	0.10721921692916582	0.08166619083997911	0.06831316772486315	0.07818324343092682	0.0637693381017829	0.051259632956913694	0.08221738422989598	0.4835028022819636	0.5028568259919933	0.49941518872017493	0.5400965266348797	0.2778973491440282	0.334879252939939	0.28300804880849817	0.611151223125885	0.6279933492490228	0.6929888424409232
16SAMP-12046	0.03570591352606008	0.024500604502901837	0.04744779440237108	0.035452533205277116	0.07429732164349812	0.017419242342890558	0.028823866541406895	0.07932382679139706	0.02391181684804369	0.032529981876291046	0.035577658845495325	0.017908462041220655	0.005038412270998478	0.07633349841880765	0.107722831356262	0.02047814931016876	0.01068958327556744	0.08008005378687355	0.0	0.009151860938114195	0.031859217052948176	0.043369425276401856	0.01074413429654704	0.018008066301994915	0.030320790936719667	0.025874515219559937	0.02706041104718216	0.016213917481807217	0.04007835499070976	0.04071527407629013	0.0379855640670829	0.049354688343004764	0.08631624681756689	0.06616241472870543	0.02081228451797036	0.020227763463378574	0.04425415533016948	0.036633696907799704	0.36743381918247586	0.07076517168017167	0.04360103007659892	0.5719594376973343	0.04734581365426828	0.03723093318942085	0.04299083347690168	0.05613149953747899	0.2985438052901593	0.3032515342147372	0.30237300190343286	0.3084587481772002	0.3060435102351665	0.30854147454997016	0.29073549132580384	0.29963724713890905	0.28031197247343614	0.28347311734532615	0.28874099240723283	0.2952392995937202	0.27227134879088194	0.26140894183013497	0.18277716903650967	0.2723338832987628	0.28592069645525225	0.2822951697357237	0.04112271930585867	0.03709952317338113	0.04138002000728317	0.04646179229677835	0.05859223022549109	0.027362153729152648	0.031997423663806646	0.04645565385211745	0.4648861617543263	0.557082694641579	0.5536563157342416	0.5738535447756642	0.3056519506030283	0.388329482828511	0.297368600480913	0.689840148143934	0.7032750969017366	0.7714537220074075
16SAMP-12047	0.03897407900119085	0.016451121886175226	0.04023652409489628	0.03859096589887219	0.0686906277178171	0.011589661153887104	0.03341564120594159	0.07352621919889973	0.02248476604031229	0.03837227199287693	0.03167574103749687	0.01992127936009541	0.011792442887084998	0.06802814481236888	0.09942877367913608	0.023744918648938833	0.002903063437172327	0.07267109240060504	0.009151860938114195	0.0	0.023583689273765168	0.04922333819984275	0.014149185526345105	0.014184354904994825	0.028193972915334313	0.02007746375829835	0.02038344409625893	0.010722262625240871	0.03416164867943499	0.038341752502065236	0.03597028345138916	0.04100940125607876	0.07921587410121159	0.0644746836274114	0.014805610926558879	0.013197554999861916	0.05107622439665882	0.035385044599381965	0.3640084237429043	0.07031494312476035	0.0489595680440685	0.5680627748589343	0.0541693585497306	0.03572277527634771	0.05028906320903692	0.06037517932358028	0.2928931176419563	0.2976054463769461	0.2967507043118314	0.30281743552456714	0.3003898898034599	0.3028921395383286	0.2850870569291069	0.2939965331367467	0.27518036781995053	0.277812541321951	0.28307171993295505	0.2895806416996306	0.2666185735120977	0.25574551029184667	0.1771768583105389	0.26669366678011913	0.2802437893463523	0.2766435151232719	0.04203785851290838	0.03882934456018242	0.039744220934552814	0.044150989840672644	0.05682124578169021	0.024710383027984617	0.025673606776802717	0.04459721261885905	0.464760595038864	0.5526911721354574	0.5491601453588898	0.5712878725529394	0.2986654256822165	0.38463756348988176	0.2947857907978212	0.6831742548489138	0.7000608676903266	0.7650954172936832
16SAMP-12048	0.06087871688795968	0.012592453347339973	0.017577154939155085	0.05957768143892804	0.0489877073054801	0.03173521379765383	0.05636139760026565	0.05379603794333514	0.04287012491897707	0.05995469172876438	0.013747246326316909	0.04305501954903871	0.03481728393286056	0.04502684961553069	0.07702848940013317	0.046899945523161034	0.022847487914993254	0.059487440572331934	0.031859217052948176	0.023583689273765168	0.0	0.0722161338908684	0.03735215127068757	0.03521056561694424	0.037662388893081836	0.035790563557712936	0.03469093591343417	0.028223039140300346	0.04155200873993732	0.043459418528045954	0.04243565029993826	0.03798673144743662	0.06606671217131736	0.057198806866579334	0.03250808178601018	0.029788092023880886	0.07432649916554243	0.04589377147619208	0.3413789204030201	0.07974746487651321	0.07213106745076957	0.5456377859880059	0.07737925246570773	0.05490260615235879	0.0734558863372663	0.08351596302126832	0.2742121833760626	0.27886557919860616	0.2780651938795774	0.28407957437402365	0.2816881918899235	0.28415156518263496	0.2663625130134845	0.27526007906480493	0.2563311296950069	0.25913060205612576	0.2643676238157914	0.27086282838169656	0.24790026838581478	0.23703102928082306	0.15840928764227655	0.24794948325022145	0.26152884395785597	0.2579021090127386	0.061875696311211835	0.05928655877240327	0.04320629143912707	0.03971274202383718	0.04820106701866324	0.030392466646595777	0.03539379576318252	0.04516341853295758	0.45473302124819487	0.5309209449236698	0.5273869930137403	0.5501818965804564	0.27749846382242677	0.3628437906202604	0.2736759223700953	0.6698611811926772	0.6866813738584915	0.751832006361123
16SAMP-12049	0.012161895148266495	0.0648957750678639	0.08767547669187599	0.01360029021721419	0.09247755776050952	0.042591266013006085	0.016701595536031445	0.09755688249718861	0.029714399458803952	0.01718658535778119	0.061064557406235676	0.030218219322550425	0.039379197642246414	0.11657496015077153	0.14823754890864535	0.027338449918190427	0.05135585949575913	0.12147769011619974	0.043369425276401856	0.04922333819984275	0.0722161338908684	0.0	0.03704183654055255	0.0374028584215903	0.07263098770091879	0.06838484183736114	0.06902180319988795	0.057004206131514454	0.08226474887969365	0.08289006106677037	0.08041012442983449	0.08965014946890074	0.12801654025903048	0.10895151704598666	0.06313007670785911	0.0618496918693382	0.00948489216010338	0.0485855526298322	0.3938685354634094	0.06484563685533216	0.030914552779384437	0.5983861939912555	0.00752427866409619	0.039058130999077074	0.017354831927885908	0.014978815224962673	0.2715429052896462	0.2762395409943844	0.27544506125503404	0.28144170284325554	0.2790501035972052	0.28153345692568255	0.263727537807059	0.27263631289457074	0.2541429381347756	0.2564787641422927	0.2617496851817434	0.2682360161529773	0.24591895967329375	0.23808382125198693	0.1856627168704259	0.24650399181226168	0.26191230078203187	0.2552913912933906	0.04256725702697237	0.04403919887693679	0.07508495490587529	0.08681751062777134	0.09083458450332126	0.0656938329733093	0.07416335608243338	0.0765001262604176	0.45100288831451385	0.5836811064328957	0.5802662704928683	0.5935524144768691	0.34373877933709185	0.41943699013954056	0.3300710574943764	0.7317685817651566	0.746030585752497	0.8137078764309992
16SAMP-12050	0.02700766104709581	0.03004773379396293	0.053939717030497554	0.026623881840870736	0.06774891785389375	0.011040389407400842	0.021504754437107962	0.07252126133670064	0.017106667382460115	0.027169247398859966	0.031552416730772165	0.00765934365333219	0.0058405012407170805	0.08167259544795256	0.11297932476284683	0.010212463364409284	0.016248458078420583	0.08542967287401917	0.01074413429654704	0.014149185526345105	0.03735215127068757	0.03704183654055255	0.0	0.011096049488891375	0.04003712916699966	0.03202149489302657	0.03242204101400585	0.021408829994305937	0.04588680135600815	0.050299441042078626	0.047793409680574744	0.05457124634196664	0.09167122969629093	0.0763327055019205	0.02678547688385326	0.025562303967891283	0.037598010139401866	0.0368058320995899	0.3747704187477238	0.07144578788939941	0.03803696266546322	0.5788511696028569	0.04058165505202048	0.03593269018893753	0.03666721258574297	0.046800079636510575	0.2917952257627789	0.29647188913079137	0.2956438009635983	0.3017097983693013	0.2992656307209856	0.3017754275437644	0.2839857406577227	0.29288351900919635	0.27401154255482596	0.2767337582479383	0.28197029921364963	0.2884551936423402	0.2655033367761241	0.25464662352858386	0.176047336182042	0.265571155424018	0.27914622549093304	0.27551892242593273	0.03654905630135641	0.03456833237988103	0.04563405854953802	0.05288019272685156	0.06231487520739713	0.03444700840409856	0.037753233804374633	0.050570429596545084	0.46443837899557994	0.5632110512592046	0.55970262319175	0.5793674879671011	0.30919405187755145	0.39517875942304326	0.302842965403484	0.6952752129323734	0.711926972746876	0.7770804302387271
